0, 55507, -0.306060791015625
1, 181, 0.005523681640625
2, 415, 0.012664794921875
3, 546, 0.01666259765625
4, 4, 0.0001220703125
5, 0, 0.0
6, 65153, -0.011688232421875
7, 91, 0.002777099609375
8, 323, 0.009857177734375
9, 422, 0.01287841796875
10, 394, 0.01202392578125
11, 356, 0.0108642578125
12, 29, 0.000885009765625
13, 112, 0.00341796875
14, 336, 0.01025390625
15, 26, 0.00079345703125
16, 65435, -0.003082275390625
17, 65125, -0.012542724609375
18, 183, 0.005584716796875
19, 65461, -0.002288818359375
20, 502, 0.01531982421875
21, 9428, 0.2877197265625
22, 9663, 0.294891357421875
23, 61212, -0.1319580078125
24, 4559, 0.139129638671875
25, 61147, -0.133941650390625
26, 4717, 0.143951416015625
27, 61221, -0.131683349609375
28, 4250, 0.12969970703125
29, 61273, -0.130096435546875
30, 4261, 0.130035400390625
31, 61362, -0.12738037109375
32, 5288, 0.161376953125
33, 61492, -0.1234130859375
34, 61130, -0.13446044921875
35, 61575, -0.120880126953125
36, 60774, -0.14532470703125
37, 60905, -0.141326904296875
38, 5092, 0.1553955078125
39, 61146, -0.13397216796875
40, 4331, 0.132171630859375
41, 61065, -0.136444091796875
42, 61650, -0.11859130859375
43, 61411, -0.125885009765625
44, 61417, -0.125701904296875
45, 4644, 0.1417236328125
46, 61272, -0.130126953125
47, 61146, -0.13397216796875
48, 3964, 0.1209716796875
49, 61077, -0.136077880859375
50, 61303, -0.129180908203125
51, 61095, -0.135528564453125
52, 61118, -0.13482666015625
53, 4239, 0.129364013671875
54, 4675, 0.142669677734375
55, 9484, 0.2894287109375
56, 61297, -0.129364013671875
57, 4725, 0.144195556640625
58, 60793, -0.144744873046875
59, 60901, -0.141448974609375
60, 60861, -0.142669677734375
61, 4606, 0.14056396484375
62, 61639, -0.118927001953125
63, 61839, -0.112823486328125
64, 61471, -0.124053955078125
65, 4583, 0.139862060546875
66, 61611, -0.119781494140625
67, 61700, -0.1170654296875
68, 61518, -0.12261962890625
69, 4138, 0.12628173828125
70, 61096, -0.135498046875
71, 4039, 0.123260498046875
72, 61157, -0.133636474609375
73, 4286, 0.13079833984375
74, 61834, -0.11297607421875
75, 61587, -0.120513916015625
76, 61301, -0.129241943359375
77, 4235, 0.129241943359375
78, 4548, 0.1387939453125
79, 61771, -0.114898681640625
80, 61320, -0.128662109375
81, 3559, 0.108612060546875
82, 61054, -0.13677978515625
83, 61130, -0.13446044921875
84, 61624, -0.119384765625
85, 4508, 0.1375732421875
86, 4803, 0.146575927734375
87, 4360, 0.133056640625
88, 8318, 0.25384521484375
89, 61306, -0.12908935546875
90, 4155, 0.126800537109375
91, 61511, -0.122833251953125
92, 61272, -0.130126953125
93, 3820, 0.1165771484375
94, 61622, -0.11944580078125
95, 61863, -0.112091064453125
96, 61907, -0.110748291015625
97, 62020, -0.1072998046875
98, 4483, 0.136810302734375
99, 61826, -0.11322021484375
100, 61251, -0.130767822265625
101, 4002, 0.12213134765625
102, 62243, -0.100494384765625
103, 61490, -0.12347412109375
104, 3799, 0.115936279296875
105, 61138, -0.13421630859375
106, 4300, 0.1312255859375
107, 62108, -0.1046142578125
108, 62265, -0.099822998046875
109, 4415, 0.134735107421875
110, 61873, -0.111785888671875
111, 4078, 0.12445068359375
112, 61100, -0.1353759765625
113, 61396, -0.1263427734375
114, 3867, 0.118011474609375
115, 61910, -0.11065673828125
116, 3910, 0.11932373046875
117, 61201, -0.132293701171875
118, 3953, 0.120635986328125
119, 62388, -0.0960693359375
120, 4077, 0.124420166015625
121, 8094, 0.24700927734375
122, 65440, -0.0029296875
123, 65059, -0.014556884765625
124, 65330, -0.00628662109375
125, 65374, -0.00494384765625
126, 449, 0.013702392578125
127, 566, 0.01727294921875
128, 65387, -0.004547119140625
129, 265, 0.008087158203125
130, 429, 0.013092041015625
131, 322, 0.00982666015625
132, 318, 0.00970458984375
133, 65514, -0.00067138671875
134, 65296, -0.00732421875
135, 65225, -0.009490966796875
136, 65104, -0.01318359375
137, 479, 0.014617919921875
138, 454, 0.01385498046875
139, 368, 0.01123046875
140, 65461, -0.002288818359375
141, 182, 0.00555419921875
142, 363, 0.011077880859375
143, 482, 0.01470947265625
144, 188, 0.0057373046875
145, 65175, -0.011016845703125
146, 65163, -0.011383056640625
147, 24, 0.000732421875
148, 12, 0.0003662109375
149, 308, 0.0093994140625
150, 425, 0.012969970703125
151, 65459, -0.002349853515625
152, 65461, -0.002288818359375
153, 83, 0.002532958984375
154, 65405, -0.003997802734375
155, 77, 0.002349853515625
156, 65243, -0.008941650390625
157, 65142, -0.01202392578125
158, 65357, -0.005462646484375
159, 323, 0.009857177734375
160, 530, 0.01617431640625
161, 841, 0.025665283203125
162, 552, 0.016845703125
163, 124, 0.0037841796875
164, 65242, -0.00897216796875
165, 65358, -0.00543212890625
166, 295, 0.009002685546875
167, 65461, -0.002288818359375
168, 65319, -0.006622314453125
169, 65340, -0.0059814453125
170, 65334, -0.00616455078125
171, 396, 0.0120849609375
172, 387, 0.011810302734375
173, 386, 0.01177978515625
174, 37, 0.001129150390625
175, 65478, -0.00177001953125
176, 65184, -0.0107421875
177, 65439, -0.002960205078125
178, 65405, -0.003997802734375
179, 367, 0.011199951171875
180, 65471, -0.001983642578125
181, 65196, -0.0103759765625
182, 65529, -0.000213623046875
183, 431, 0.013153076171875
184, 647, 0.019744873046875
185, 313, 0.009552001953125
186, 65475, -0.001861572265625
187, 65121, -0.012664794921875
188, 65123, -0.012603759765625
189, 65331, -0.006256103515625
190, 184, 0.005615234375
191, 296, 0.009033203125
192, 65329, -0.006317138671875
193, 86, 0.00262451171875
194, 203, 0.006195068359375
195, 355, 0.010833740234375
196, 140, 0.0042724609375
197, 399, 0.012176513671875
198, 65130, -0.01239013671875
199, 65455, -0.002471923828125
200, 65212, -0.0098876953125
201, 65504, -0.0009765625
202, 408, 0.012451171875
203, 479, 0.014617919921875
204, 242, 0.00738525390625
205, 65531, -0.000152587890625
206, 95, 0.002899169921875
207, 267, 0.008148193359375
208, 156, 0.0047607421875
209, 65105, -0.013153076171875
210, 65156, -0.0115966796875
211, 65274, -0.00799560546875
212, 64999, -0.016387939453125
213, 65530, -0.00018310546875
214, 770, 0.02349853515625
215, 65506, -0.00091552734375
216, 114, 0.00347900390625
217, 65347, -0.005767822265625
218, 65424, -0.00341796875
219, 65498, -0.00115966796875
220, 65364, -0.0052490234375
221, 65261, -0.008392333984375
222, 65147, -0.011871337890625
223, 65458, -0.00238037109375
224, 147, 0.004486083984375
225, 303, 0.009246826171875
226, 428, 0.0130615234375
227, 37, 0.001129150390625
228, 65380, -0.0047607421875
229, 65422, -0.00347900390625
230, 65455, -0.002471923828125
231, 65389, -0.004486083984375
232, 14, 0.00042724609375
233, 65255, -0.008575439453125
234, 65087, -0.013702392578125
235, 218, 0.00665283203125
236, 849, 0.025909423828125
237, 386, 0.01177978515625
238, 409, 0.012481689453125
239, 77, 0.002349853515625
240, 65058, -0.01458740234375
241, 65270, -0.00811767578125
242, 112, 0.00341796875
243, 76, 0.0023193359375
244, 45, 0.001373291015625
245, 96, 0.0029296875
246, 65274, -0.00799560546875
247, 287, 0.008758544921875
248, 493, 0.015045166015625
249, 652, 0.0198974609375
250, 65275, -0.007965087890625
251, 65455, -0.002471923828125
252, 65187, -0.010650634765625
253, 64905, -0.019256591796875
254, 65477, -0.001800537109375
255, 64, 0.001953125
256, 65480, -0.001708984375
257, 65058, -0.01458740234375
258, 65517, -0.000579833984375
259, 81, 0.002471923828125
260, 609, 0.018585205078125
261, 183, 0.005584716796875
262, 65213, -0.009857177734375
263, 64976, -0.01708984375
264, 65075, -0.014068603515625
265, 65197, -0.010345458984375
266, 8, 0.000244140625
267, 112, 0.00341796875
268, 457, 0.013946533203125
269, 64, 0.001953125
270, 430, 0.01312255859375
271, 214, 0.00653076171875
272, 172, 0.0052490234375
273, 65425, -0.003387451171875
274, 65051, -0.014801025390625
275, 65100, -0.0133056640625
276, 64995, -0.016510009765625
277, 65178, -0.01092529296875
278, 531, 0.016204833984375
279, 89, 0.002716064453125
280, 220, 0.0067138671875
281, 99, 0.003021240234375
282, 35, 0.001068115234375
283, 128, 0.00390625
284, 65350, -0.00567626953125
285, 65419, -0.003570556640625
286, 65064, -0.014404296875
287, 65235, -0.009185791015625
288, 65153, -0.011688232421875
289, 65386, -0.00457763671875
290, 551, 0.016815185546875
291, 621, 0.018951416015625
292, 65214, -0.00982666015625
293, 65264, -0.00830078125
294, 65526, -0.00030517578125
295, 65435, -0.003082275390625
296, 65328, -0.00634765625
297, 65074, -0.01409912109375
298, 65130, -0.01239013671875
299, 65420, -0.0035400390625
300, 87, 0.002655029296875
301, 194, 0.00592041015625
302, 250, 0.00762939453125
303, 229, 0.006988525390625
304, 65262, -0.00836181640625
305, 65179, -0.010894775390625
306, 65533, -9.1552734375e-05
307, 65205, -0.010101318359375
308, 65290, -0.00750732421875
309, 65285, -0.007659912109375
310, 65344, -0.005859375
311, 22, 0.00067138671875
312, 554, 0.01690673828125
313, 513, 0.015655517578125
314, 120, 0.003662109375
315, 65371, -0.005035400390625
316, 65142, -0.01202392578125
317, 65059, -0.014556884765625
318, 65373, -0.004974365234375
319, 266, 0.00811767578125
320, 181, 0.005523681640625
321, 64980, -0.0169677734375
322, 65154, -0.01165771484375
323, 147, 0.004486083984375
324, 837, 0.025543212890625
325, 219, 0.006683349609375
326, 317, 0.009674072265625
327, 65239, -0.009063720703125
328, 65113, -0.012908935546875
329, 64963, -0.017486572265625
330, 65365, -0.005218505859375
331, 65342, -0.00592041015625
332, 65507, -0.000885009765625
333, 65339, -0.006011962890625
334, 65435, -0.003082275390625
335, 65415, -0.003692626953125
336, 338, 0.01031494140625
337, 65406, -0.00396728515625
338, 65189, -0.010589599609375
339, 64816, -0.02197265625
340, 64687, -0.025909423828125
341, 65350, -0.00567626953125
342, 68, 0.0020751953125
343, 216, 0.006591796875
344, 313, 0.009552001953125
345, 65355, -0.005523681640625
346, 65445, -0.002777099609375
347, 244, 0.0074462890625
348, 180, 0.0054931640625
349, 65110, -0.01300048828125
350, 65278, -0.00787353515625
351, 65159, -0.011505126953125
352, 65072, -0.01416015625
353, 65479, -0.001739501953125
354, 51, 0.001556396484375
355, 150, 0.00457763671875
356, 65501, -0.001068115234375
357, 65363, -0.005279541015625
358, 65349, -0.005706787109375
359, 229, 0.006988525390625
360, 265, 0.008087158203125
361, 65417, -0.003631591796875
362, 64887, -0.019805908203125
363, 65192, -0.010498046875
364, 65466, -0.00213623046875
365, 136, 0.004150390625
366, 201, 0.006134033203125
367, 145, 0.004425048828125
368, 65018, -0.01580810546875
369, 65272, -0.008056640625
370, 65275, -0.007965087890625
371, 65498, -0.00115966796875
372, 65255, -0.008575439453125
373, 65148, -0.0118408203125
374, 65028, -0.0155029296875
375, 65303, -0.007110595703125
376, 260, 0.0079345703125
377, 137, 0.004180908203125
378, 308, 0.0093994140625
379, 146, 0.00445556640625
380, 65060, -0.0145263671875
381, 64822, -0.02178955078125
382, 65201, -0.010223388671875
383, 43, 0.001312255859375
384, 65491, -0.001373291015625
385, 64906, -0.01922607421875
386, 65145, -0.011932373046875
387, 74, 0.00225830078125
388, 104, 0.003173828125
389, 541, 0.016510009765625
390, 65504, -0.0009765625
391, 65152, -0.01171875
392, 64823, -0.021759033203125
393, 65030, -0.01544189453125
394, 65277, -0.007904052734375
395, 35, 0.001068115234375
396, 65302, -0.00714111328125
397, 65106, -0.01312255859375
398, 65391, -0.004425048828125
399, 65530, -0.00018310546875
400, 410, 0.01251220703125
401, 266, 0.00811767578125
402, 27, 0.000823974609375
403, 65001, -0.016326904296875
404, 64825, -0.021697998046875
405, 64936, -0.018310546875
406, 65372, -0.0050048828125
407, 65502, -0.00103759765625
408, 65455, -0.002471923828125
409, 65534, -6.103515625e-05
410, 65391, -0.004425048828125
411, 65414, -0.00372314453125
412, 297, 0.009063720703125
413, 65258, -0.00848388671875
414, 65209, -0.009979248046875
415, 65142, -0.01202392578125
416, 65075, -0.014068603515625
417, 121, 0.003692626953125
418, 208, 0.00634765625
419, 134, 0.00408935546875
420, 66, 0.00201416015625
421, 65475, -0.001861572265625
422, 65325, -0.006439208984375
423, 94, 0.00286865234375
424, 65294, -0.00738525390625
425, 65196, -0.0103759765625
426, 65151, -0.011749267578125
427, 64858, -0.02069091796875
428, 65142, -0.01202392578125
429, 65352, -0.005615234375
430, 224, 0.0068359375
431, 385, 0.011749267578125
432, 6, 0.00018310546875
433, 65327, -0.006378173828125
434, 65284, -0.0076904296875
435, 65231, -0.009307861328125
436, 65297, -0.007293701171875
437, 65311, -0.006866455078125
438, 65060, -0.0145263671875
439, 64860, -0.0206298828125
440, 65387, -0.004547119140625
441, 281, 0.008575439453125
442, 128, 0.00390625
443, 346, 0.01055908203125
444, 6, 0.00018310546875
445, 65154, -0.01165771484375
446, 65183, -0.010772705078125
447, 65413, -0.003753662109375
448, 43, 0.001312255859375
449, 65129, -0.012420654296875
450, 65301, -0.007171630859375
451, 65168, -0.01123046875
452, 317, 0.009674072265625
453, 377, 0.011505126953125
454, 29, 0.000885009765625
455, 65483, -0.001617431640625
456, 65193, -0.010467529296875
457, 64866, -0.02044677734375
458, 64953, -0.017791748046875
459, 9, 0.000274658203125
460, 65438, -0.00299072265625
461, 65293, -0.007415771484375
462, 65277, -0.007904052734375
463, 65237, -0.009124755859375
464, 138, 0.00421142578125
465, 52, 0.0015869140625
466, 65514, -0.00067138671875
467, 65236, -0.0091552734375
468, 65041, -0.015106201171875
469, 65127, -0.012481689453125
470, 65334, -0.00616455078125
471, 131, 0.003997802734375
472, 271, 0.008270263671875
473, 65504, -0.0009765625
474, 65242, -0.00897216796875
475, 65521, -0.000457763671875
476, 112, 0.00341796875
477, 115, 0.003509521484375
478, 65336, -0.006103515625
479, 64920, -0.018798828125
480, 64756, -0.0238037109375
481, 65184, -0.0107421875
482, 65483, -0.001617431640625
483, 151, 0.004608154296875
484, 248, 0.007568359375
485, 65381, -0.004730224609375
486, 65269, -0.008148193359375
487, 45, 0.001373291015625
488, 43, 0.001312255859375
489, 65168, -0.01123046875
490, 65351, -0.005645751953125
491, 64896, -0.01953125
492, 65110, -0.01300048828125
493, 65261, -0.008392333984375
494, 93, 0.002838134765625
495, 365, 0.011138916015625
496, 65451, -0.002593994140625
497, 65122, -0.01263427734375
498, 65090, -0.01361083984375
499, 65428, -0.0032958984375
500, 65509, -0.000823974609375
501, 116, 0.0035400390625
502, 64924, -0.0186767578125
503, 64974, -0.01715087890625
504, 65509, -0.000823974609375
505, 65385, -0.004608154296875
506, 227, 0.006927490234375
507, 358, 0.01092529296875
508, 65492, -0.0013427734375
509, 65204, -0.0101318359375
510, 65183, -0.010772705078125
511, 65445, -0.002777099609375
